2135
17945184
17953898
17983761
17983765
17983767
17983770
17983771
17983772
17983774
17983775
17983790
17983792
17983794
17983797
17983804
18016829
18016894
18017606
18017607
18017610
18017613
18017615
18017618
18017620
18017625
18017630
18017631
18017635
18017636
18017640
18017649
18017650
18017651
18017652
18017655
18070779
18070784
18070786
18070806
18070807
18070812
18070826
18087969
18107874
18128529
18128531
18128532
18133519
18134883
18134885
18134886
18134887
18134891
18134892
18134896
18134897
18134901
18134905
18134907
18134908
18134910
18134912
18134914
18134917
18134921
18134922
18136926
18143236
18143237
18143238
18143240
18143242
18143246
18143247
18143255
18143261
18143265
18143267
18143268
18143273
18143276
18146888
18153266
18159834
18162650
18162652
18162654
18162655
18162660
18162661
18162662
18162664
18162670
18162672
18162675
18162677
18162680
18162681
18162685
18162692
18162696
18166891
18166895
18166897
18166903
18166905
18166907
18166908
18166910
18166915
18166921
18166929
18166930
18166932
18166933
18166935
18166936
18166939
18168240
18175457
18198656
18198657
18198659
18198665
18198669
18198670
18198672
18198676
18198677
18198678
18198680
18198682
18198684
18198689
18198690
18198698
18200597
18204189
18204257
18204258
18204346
18204520
18208981
18209662
18209848
18211703
18213951
18213956
18213968
18213969
18213970
18213973
18213976
18213982
18213988
18213991
18213997
18213998
18217439
18217440
18217441
18217455
18217457
18217460
18217463
18217465
18217467
18217470
18217471
18217476
18217477
18217480
18219199
18219511
18221909
18224029
18224032
18224033
18224034
18224036
18224039
18224041
18224045
18224047
18224049
18224053
18224054
18224056
18224063
18224064
18224070
18224072
18224075
18224509
18226441
18228024
18232754
18235364
18235402
18236296
18237043
18237045
18237048
18237051
18237057
18237060
18237062
18237076
18237079
18237081
18237087
18237091
18238594
18240469
18243980
18244156
18244432
18248980
18249137
18249140
18249141
18249142
18249143
18249144
18249145
18249149
18249153
18249154
18249157
18249158
18249159
18249161
18249162
18249166
18249173
18249174
18249177
18249862
18250389
18251892
18251913
18252405
18254762
18259425
18259426
18259428
18259431
18259432
18259433
18259434
18259446
18259447
18259453
18259456
18259460
18259464
18259466
18259468
18259475
18259657
18260515
18260589
18262374
18265429
18265431
18265432
18265433
18265435
18265436
18265440
18265441
18265442
18265444
18265447
18265451
18265454
18265462
18265465
18265466
18265468
18265470
18265477
18265479
18268611
18268622
18270216
18270221
18270225
18270228
18270231
18270232
18270233
18270234
18270238
18270241
18270247
18270249
18270251
18270254
18270255
18270258
18270259
18272560
18272767
18273238
18275303
18277612
18279529
18280458
18280624
18281704
18281709
18281711
18281718
18281722
18281723
18281724
18281727
18281728
18281729
18281731
18281732
18281734
18281739
18281741
18281743
18285055
18287230
18287237
18287239
18287246
18287247
18287248
18287249
18287251
18287252
18287253
18287254
18287255
18287261
18287268
18287270
18287271
18287437
18287726
18288717
18288753
18288868
18292538
18296319
18296321
18296322
18296324
18296325
18296327
18296330
18296333
18296339
18296340
18296342
18296347
18296348
18296349
18296350
18296352
18296356
18296357
18296359
18296361
18296364
18296367
18296368
18297074
18302162
18304538
18304542
18306116
18306125
18307073
18308123
18309458
18309975
18311124
18311125
18311127
18311128
18311131
18311134
18311136
18311138
18311141
18311145
18311147
18311148
18311149
18311150
18311151
18311152
18311153
18311154
18311156
18311161
18311162
18312670
18312870
18313977
18323211
18323213
18323595
18324535
18325131
18325237
18325242
18325245
18325254
18325255
18325259
18325262
18325263
18325265
18325267
18325268
18325271
18325274
18325281
18325284
18325286
18326430
18331280
18332692
18333361
18334323
18335557
18335908
18336163
18337977
18338092
18339971
18342024
18343299
18343726
18343727
18343733
18343735
18343737
18343740
18343741
18343747
18343749
18343750
18343751
18343757
18343758
18343760
18343761
18343765
18343766
18343767
18343768
18343842
18346380
18347574
18349042
18350794
18353541
18354226
18354333
18354569
18354572
18354573
18354578
18354579
18354580
18354581
18354582
18354584
18354590
18354591
18354592
18354594
18354595
18354598
18354600
18354603
18354604
18354608
18354609
18354612
18354615
18355418
18355597
18355723
18356347
18356657
18357460
18361630
18361634
18361635
18361637
18361649
18361653
18361654
18361655
18361656
18361664
18361666
18361668
18361669
18361670
18361675
18361677
18361679
18361683
18361684
18361707
18361836
18362285
18366776
18366914
18368648
18368649
18368653
18368654
18368656
18368660
18368663
18368669
18368670
18368672
18368673
18368674
18368681
18368688
18368691
18368692
18369928
18370526
18373045
18377067
18377068
18377069
18377073
18377074
18377075
18377076
18377077
18377083
18377084
18377085
18377086
18377087
18377094
18377098
18377101
18377105
18377107
18377110
18377112
18377148
18377431
18377634
18378565
18380248
18382915
18386142
18386208
18386348
18386440
18386777
18386779
18386780
18386781
18386783
18386785
18386789
18386790
18386795
18386798
18386799
18386800
18386802
18386803
18386804
18386805
18386806
18386807
18386809
18386812
18386813
18386817
18386818
18386820
18386821
18386825
18386974
18388188
18388271
18388305
18388748
18390347
18390677
18390881
18391272
18391315
18391595
18393385
18393395
18393858
18393918
18393919
18395075
18395475
18398852
18398854
18398855
18398859
18398860
18398863
18398864
18398865
18398868
18398871
18398872
18398874
18398876
18398880
18398881
18398882
18398883
18398884
18398885
18398886
18398887
18398888
18398890
18398891
18398893
18398895
18398896
18398898
18398899
18409869
18410814
18411573
18411976
18412699
18413748
18413838
18413921
18414392
18414395
18414396
18414398
18414399
18414401
18414402
18414403
18414404
18414406
18414408
18414412
18414413
18414415
18414417
18414421
18414423
18414424
18414426
18414429
18414431
18414432
18414435
18415465
18416937
18420366
18420370
18420373
18420375
18420376
18420377
18420379
18420386
18420387
18420389
18420390
18420395
18420396
18420397
18420399
18420402
18420404
18420405
18420407
18420411
18420472
18420473
18420476
18420477
18420479
18420484
18420486
18420488
18420490
18420492
18420495
18420496
18420498
18420507
18420508
18420509
18420513
18420517
18420518
18420519
18420520
18420521
18420522
18421872
18424094
18424851
18429054
18431075
18431445
18431449
18431450
18431451
18431452
18431454
18431455
18431467
18431469
18431471
18431475
18431476
18431477
18431478
18431480
18431483
18431484
18431485
18431486
18431491
18432040
18433305
18433917
18435840
18439371
18439471
18439723
18440200
18440201
18440202
18440215
18440218
18440223
18440224
18440225
18440229
18440238
18440241
18440247
18440779
18441018
18443214
18444746
18447220
18447690
18448930
18450783
18450993
18451105
18452199
18452202
18452203
18452208
18452215
18452216
18452220
18452221
18452223
18452228
18452229
18452230
18452234
18452235
18452236
18452239
18452240
18455301
18460690
18461724
18461725
18461728
18461731
18461733
18461737
20022
20028
20029
20035
20036
20062
20063
20079
20085
20090
20127
20132
20147
20177
20235
20240
20246
20273
20279
20286
20292
20307
20320
20322
20350
20359
20412
20414
20453
20458
20477
20495
20496
20506
20510
20520
20529
20543
20600
20602
20612
20615
20618
20619
20621
20624
20625
20630
20641
20646
20648
20655
20657
20665
20670
20672
20673
20678
20679
20681
20682
20688
20691
20693
20694
20698
20700
20705
20709
20720
20725
20727
20733
20744
20747
20754
20756
20757
20759
20761
20762
20763
20765
20769
20770
20775
20776
20778
20782
20783
20785
20787
20789
20801
20807
20809
20810
20817
20819
20827
20828
20833
20834
20841
20843
20844
20848
20851
20852
20856
20857
20858
20859
20860
20864
20866
20868
20870
20872
20875
20876
20878
20890
20917
20918
20928
20933
20940
20941
20945
20950
20957
20959
20962
20969
20974
20988
21017
21024
21049
21050
21051
21052
21053
21058
21060
21064
21066
21070
21073
21076
21077
21118
21122
21125
21132
21137
21138
21140
21151
21152
21154
21157
21159
21160
21162
21171
21174
21176
21177
21178
21179
21180
21212
21214
21215
21216
21218
21219
21225
21228
21229
21232
21241
21250
21251
21255
21257
21260
21262
21268
21269
21271
21282
21283
21287
21290
21294
21295
21296
21297
21299
21300
21301
21305
21306
21315
21318
21319
21320
21328
21329
21332
21336
21337
21338
21343
21344
21346
21347
21349
21352
21354
21355
21356
21359
21367
21368
21374
21376
21377
21380
21382
21391
21397
21398
21404
21416
21417
21427
21432
21436
21442
21450
21461
21465
21466
21468
21472
21476
21483
21484
21485
21487
21492
21493
21494
21500
21507
21508
21509
21511
21516
21519
21523
21527
21529
21537
21542
21543
21544
21546
21549
21550
21553
21557
21558
21568
21569
21570
21574
21583
21584
21586
21590
21593
21595
21596
21602
21604
21606
21607
21608
21609
21611
21613
21616
21617
21618
21622
21626
21633
21639
21642
21664
21665
21668
21669
21675
21680
21689
21706
21707
21710
21712
21715
21721
21727
21728
21733
21734
21736
21744
21747
21748
21753
21755
21763
21773
21774
21777
21780
21785
21798
21805
21811
21812
21817
21821
21829
21830
21834
21840
21843
21847
21848
21850
21854
21859
21861
21863
21867
21869
21870
21875
21881
21882
21885
21888
21892
21893
21929
21937
21938
21940
21944
21945
21954
21962
21968
21982
21983
21984
21986
21987
21989
21990
21991
21992
21993
21994
21996
21997
21998
22003
22006
22015
22022
22023
22026
22028
22031
22040
22041
22042
22047
22049
22052
22056
22057
22059
22063
22068
22072
22077
22080
22081
22082
22083
22086
22087
22093
22096
22097
22103
22107
22110
22113
22114
22116
22123
22127
22130
22146
22151
22153
22158
22161
22162
22165
22170
22171
22172
22173
22184
22188
22189
22194
22197
22198
22205
22207
22208
22209
22210
22216
22219
22220
22221
22231
22232
22233
22234
22240
22242
22243
22245
22246
22247
22248
22250
22254
22351
22353
22358
22361
22362
22365
22366
22371
22378
22386
22397
22404
22405
22417
22418
22421
22424
22430
22435
22437
22438
22439
22444
22457
22460
22462
22467
22469
22477
22481
22485
22488
22498
22500
22505
22506
22507
22512
22513
22514
22519
22524
22525
22527
22528
22529
22531
22532
22534
22535
22536
22537
22538
22544
22545
22552
22554
22557
22566
22567
22569
22571
22572
22574
22575
22576
22580
22582
22584
22588
22593
22595
22599
22602
22603
22604
22605
22611
22612
22614
22615
22620
22624
22625
22631
22636
22642
22647
22649
22656
22658
22659
22662
22665
22668
22673
22675
22680
22683
22694
22696
22698
22699
22700
22709
22713
22716
22721
22722
22725
22727
22728
22729
22730
22731
22744
22746
22751
22752
22756
22757
22766
22767
22771
22776
22782
22783
22784
22787
22790
22792
22796
22797
22807
22809
22811
22812
22813
22814
22815
22816
22817
22818
22819
22820
22821
22822
22828
22831
22832
22835
22839
22840
22845
22847
22848
22850
22851
22853
22854
22859
22861
22872
22875
22876
22878
22883
22885
22889
22890
22892
22893
22897
22899
22901
22904
22909
22912
22916
22919
22920
22922
22925
22929
22930
22932
22935
22949
22951
22957
22960
22961
22964
22965
22970
22971
22973
22991
23008
23010
23014
23044
23075
23084
23085
23096
23103
23107
23114
23116
23117
23119
23125
23128
23129
23130
23132
23137
23147
23148
23154
23159
23160
23165
23170
23174
23175
23178
23179
23180
23182
23183
23184
23185
23187
23189
23191
23192
23194
23204
23205
23207
23208
23213
23214
23217
23218
23219
23220
23223
23225
23230
23231
23233
23237
23243
23245
23246
23249
23264
23265
23267
23270
23273
23280
23281
23289
23295
23299
23308
23309
23313
23317
23320
23325
23327
23330
23343
23345
23348
23349
23353
23355
23360
23372
23385
23387
23389
23398
23399
23400
23411
23412
23413
23415
23416
23422
23425
23427
23432
23436
23438
23441
23442
23444
23446
23451
23453
23456
23461
23462
23468
23473
23474
23482
23483
23488
23491
23493
23495
23498
23499
23502
23504
23505
23514
23517
23522
23524
23528
23530
23541
23551
23558
23559
23561
23563
23566
23575
23578
23588
23590
23592
23604
23606
23610
23618
23621
23622
23626
23629
23631
23638
23644
23658
23659
23664
23671
23673
23674
23677
23679
23680
23683
23684
23691
23699
23728
23730
23731
23736
23738
23739
23743
23762
23763
23767
23769
23771
23772
23780
23784
23792
23793
23800
23803
23805
23807
23817
23828
23829
23832
23833
23835
23847
23853
23857
23864
23865
23867
23870
23873
23877
23890
23894
23896
23899
23916
23918
23919
23927
23929
23934
23936
23940
23944
23945
23963
23964
23968
23971
23976
23980
23983
23985
23991
23993
23996
24000
24001
24005
24007
24010
24015
24016
24023
24029
24054
24059
24066
24075
24076
24078
24080
24081
24087
24100
24105
24113
24116
24121
24122
24123
24131
24137
24140
24149
24156
24158
24165
24171
24174
24176
24179
24181
24193
24195
24196
24201
24202
24203
24209
24211
24212
24213
24215
24217
24218
24223
24224
24239
24244
24246
24251
24257
24262
24270
24281
24282
24293
24294
24295
24305
24308
24310
24312
24313
24315
24324
24329
24336
24343
24344
24349
24353
24357
24367
24373
24378
24381
24386
24387
24397
24413
24414
24415
24416
24418
24422
24428
24429
24442
24446
24450
24463
24464
24466
24468
24469
24479
24481
24486
24487
24491
24494
24499
24502
24503
24510
24513
24516
24517
24525
24527
24528
24529
24530
24532
24535
24546
24548
24553
24559
24563
24564
24565
24571
24572
24574
24580
24582
24585
24586
24587
24588
24590
24594
24595
24599
24601
24602
24618
24620
24621
24624
24629
24635
24637
24638
24643
24649
24653
24654
24656
24665
24671
24681
24685
24688
24689
24692
24694
24696
24697
24714
24717
24718
24719
24721
24723
24734
24735
24736
24740
24742
24746
24750
24755
24765
24768
24781
24782
24783
24789
24790
24794
24795
24800
24803
24805
24810
24811
24812
24815
24819
24826
24829
24831
24834
24839
24841
24843
24845
24846
24851
24853
24857
24859
24861
24864
24866
24867
24869
24870
24871
24877
24883
24884
24890
24892
24893
24895
24896
24897
24898
24903
24904
24911
24913
24918
24919
24930
24933
24935
24940
24942
24944
24945
24947
24958
24962
24966
24974
24978
24980
24984
24989
24993
24998
25004
25014
25017
25022
25023
25025
25029
25054
25058
25063
25066
25070
25078
25079
25081
25083
25085
25091
25096
25097
25108
25110
25122
25127
25130
25135
25140
25143
25144
25148
25152
25155
25156
25160
25181
25183
25187
25192
25196
25212
25213
25214
25221
25222
25224
25225
25226
25227
25228
25229
25230
25232
25233
25240
25241
25377
25382
25387
25396
25400
25401
25408
25416
25420
25421
25425
25429
25431
25432
25433
25438
25442
25447
25451
25452
25459
25464
25466
25467
25468
25471
25475
25478
25479
25484
25487
25493
25499
25501
25506
25510
25515
25516
25517
25519
25521
25523
25524
25525
25526
25528
25530
25533
25536
25537
25538
25546
25548
25549
25554
25555
25557
25563
25567
25569
25570
25575
25577
25579
25581
25582
25583
25586
25587
25589
25592
25601
25602
25603
25610
25613
25614
25615
25620
25622
25623
25625
25627
25628
25631
25633
25634
25639
25642
25643
25644
25648
25649
25651
25652
25655
25660
25662
25663
25664
25665
25666
25669
25671
25675
25679
25684
25686
25687
25692
25693
25694
25695
25701
25702
25705
25710
25712
25714
25715
25717
25718
25720
25723
25728
25732
25733
25737
25738
25739
25741
25742
25743
25745
25746
25749
25750
25751
25752
25753
25754
25760
25765
